16
8
1
5
7
1
0
6
0
4
5
2
3
4
3
7
3
3
6
6
7
3
6
5
3
1
5
0
3
4
4
5
4
3
5
5
7
4
5
6
5
2
3
3
1
7
7
4
3
3
3
3
6
4
2
4
0
8
5
4
6
0
6
4
8
5
2
6
8
3
1
0
7
3
7
1
6
1
6
2
0
8
5
1
6
2
6
7
7
5
8
0
7
1
7
7
6
2
7
1
4
3
7
8
7
4
8
7
1
7
4
0
8
1
5
2
4
7
3
2
3
2
7
1
6
6
3
2
5
3
2
8
2
0
0
3
4
3
3
0
1
4
5
6
6
7
5
6
3
1
2
7
7
7
6
2
5
1
4
4
2
1
6
0
0
5
2
8
1
4
2
8
7
4
0
7
6
7
7
1
7
7
6
4
8
1
5
0
3
4
4
8
3
4
6
3
3
1
4
7
6
3
0
4
8
7
8
8
3
5
5
5
1
6
2
5
0
6
6
7
4
7
7
3
8
1
7
4
8
4
1
8
0
0
7
0
8
3
1
6
4
1
1
2
0
1
7
8
0
5
0
7
4
1
8
6
3
