200 200
77 169 31 14 73 90 160 52 147 196 92 122 83 47 53 170 173 179 135 126 76 23 72 6 95 63 118 1 32 165 15 116 177 17 40 41 65 58 10 180 46 194 82 42 91 148 78 96 158 97 25 168 166 43 62 157 50 128 127 190 144 85 104 192 29 11 178 142 70 111 172 20 171 138 102 125 167 112 117 22 84 57 75 181 7 133 105 129 24 139 188 149 98 51 151 18 176 16 27 26 114 93 163 81 191 37 124 140 13 159 4 30 183 44 5 110 113 21 108 132 198 68 9 38 106 69 200 79 34 137 56 19 141 197 199 28 193 134 2 123 86 94 131 174 130 101 136 100 143 152 153 71 150 74 99 185 195 161 54 55 146 121 67 115 107 35 49 145 162 187 164 156 175 89 33 12 103 3 8 155 189 61 59 66 80 119 184 186 182 48 60 45 64 109 88 87 39 120 36 154 
10763
13029
9354
130
4911
2912
1852
11659
14433
14023
6960
8931
5387
6811
10642
5397
3409
2574
946
4100
15381
7069
1675
5538
9247
15045
16681
19892
17380
17361
7
19696
15312
12980
12166
14999
2007
8605
8332
3363
5649
7835
1104
14389
14651
13670
11988
10589
8343
14050
16833
16243
1931
12228
14291
14715
3094
1231
11325
10074
1564
5678
8452
20074
14281
3884
7265
4433
5020
5106
16998
2362
9139
6488
11407
16243
9014
12034
1395
8292
9544
17255
18088
1543
2854
5331
19333
10399
18272
16641
5364
89
2765
19576
6691
11600
11027
18542
10226
1918
14419
591
7085
1251
14290
4914
8744
1431
18164
16058
16465
12766
16616
2941
17706
4746
8844
7145
812
18627
12505
9588
3777
10147
19951
2483
12929
216
14428
10955
12388
19758
11405
18629
2103
19768
7474
3358
8823
10377
4218
5264
4626
9186
12691
12159
3222
9377
9323
13598
16198
12229
11601
11831
8075
3962
13010
16890
13514
4080
10296
6396
19125
12556
5930
70
2999
1597
10229
8184
3953
14069
14705
6051
14377
3659
1296
14853
8808
17412
16558
12225
2364
6615
4683
18638
13987
19620
15227
9064
5097
15543
8799
13167
19316
6562
16861
16497
4898
18042
