200 200
162 163 40 180 10 57 118 161 111 47 44 100 125 149 15 8 194 168 167 138 164 152 155 31 116 123 191 113 82 4 129 85 53 185 179 28 92 146 5 160 141 171 172 25 87 19 66 197 154 114 32 127 36 184 75 189 106 27 59 13 30 128 88 136 134 126 104 165 102 17 187 95 7 173 91 73 150 63 16 1 135 24 148 115 122 137 107 56 9 41 110 153 140 151 64 12 51 145 97 55 38 67 21 2 52 175 37 72 177 158 200 68 139 70 77 142 124 83 103 39 46 6 50 86 81 62 178 74 79 26 186 90 132 182 99 98 35 199 169 195 166 71 58 170 3 11 48 78 131 23 42 174 80 84 29 49 143 183 192 176 157 45 43 198 105 18 190 94 117 33 121 96 144 61 130 65 101 188 108 60 22 119 89 156 109 159 54 112 193 14 34 76 196 20 147 69 133 181 93 120 
1737
15318
14452
14641
10600
18594
5220
2732
6100
17347
6988
5636
6295
7502
13701
16345
6227
8222
19421
13446
14350
12050
7555
9895
2160
366
9763
16915
13353
1468
14633
7463
11407
17359
19175
7780
1977
3041
5903
13884
11484
12600
2831
6035
411
3199
3699
10385
6592
5347
13540
11663
10160
6905
16032
1065
3518
11033
8762
8040
917
5828
9931
19206
3175
14932
6007
8556
4356
3997
14137
18336
1560
3717
11180
10780
19457
18984
19594
9229
14880
4233
471
19559
3769
6218
15598
7448
14908
14409
4838
13453
421
6225
734
17692
7285
17555
5166
5081
16980
15613
2197
5136
16513
14797
5627
13736
631
9161
15975
7638
13714
4619
16339
2920
17176
10618
3541
19772
3150
14432
9694
19091
11884
6564
19338
16828
6199
13308
7050
16192
19937
9466
19505
9478
19325
17863
980
9159
4976
14588
18816
6887
13477
12504
2730
17333
13692
11609
7473
8490
2639
6710
19902
4488
11354
11922
7270
367
19949
13737
6117
679
18641
12751
7078
14260
10134
7765
3530
1349
9814
4524
18438
12709
1926
12053
10136
4138
7672
650
15431
18653
9446
3453
5142
17659
5355
6114
1993
10722
16350
6304
17934
14434
5711
16116
258
15274
