200 200
39 66 92 60 139 180 158 49 3 17 174 119 122 98 146 90 100 149 31 127 89 24 74 175 40 12 94 22 41 130 69 193 172 187 28 159 30 80 85 120 169 16 168 10 79 8 23 195 191 164 145 121 25 64 108 6 62 82 117 20 58 32 182 183 54 188 93 179 156 133 53 5 129 123 196 102 192 148 165 153 44 34 157 150 131 9 160 105 173 140 194 166 76 45 56 184 63 78 73 185 33 65 43 107 88 77 27 152 83 106 19 162 95 70 176 81 155 103 171 167 137 186 14 52 86 42 51 67 136 197 47 2 112 36 114 18 55 115 84 96 87 11 124 59 161 15 138 61 97 75 199 134 200 144 29 126 147 35 125 128 190 113 198 135 118 48 26 68 178 50 189 101 132 142 91 116 110 111 71 21 72 13 143 1 7 181 57 163 46 141 4 170 154 109 99 38 151 104 177 37 
5359
13603
16423
12691
4750
2859
17987
1336
14252
8553
3337
4334
15235
18819
8092
12890
13278
8854
845
4200
3125
10621
6527
7835
1290
6575
15521
15934
2770
19846
3674
14249
5297
56
19423
16481
5021
13456
19813
2403
12934
4307
1566
17322
13649
3796
15667
11100
10080
2258
4752
480
16209
2433
8567
6029
18095
266
9530
11795
14944
2728
15791
20044
15148
19662
3006
3033
7876
1599
2481
7642
16333
303
13304
4106
17445
15778
10071
18459
18108
7274
16502
8728
2688
8515
12991
14143
11949
6684
11204
11398
1556
10210
4310
8086
3585
13435
7404
1726
972
14976
1726
13447
13177
18054
12383
8995
18202
6422
9652
19065
4443
6339
699
2411
12838
9014
77
2091
5029
17011
16195
17518
8776
18611
12833
8999
17196
3072
15262
1268
7134
320
6205
16354
15037
465
7594
1657
8233
16012
19842
18360
2154
3744
12186
7030
15551
17769
16614
18006
1454
6672
17858
17316
12430
3167
7503
14869
17968
3316
16234
19828
1560
20024
595
16098
18146
16921
11526
17319
17443
16656
19680
15689
7698
12489
12012
17417
264
8609
6083
3603
6032
8321
17886
12885
3619
5338
18305
15431
12017
13743
14176
16381
8602
5070
19175
3390
